combinatorial_optimization 6.0582956 50.7891192 ponttor 6.0779415 50.7815973 50.79249 50.77929 6.0542 6.07952
combinatorial_optimization 6.0582956 50.7891192 Aachen_west_station 6.0699522 50.780898 50.79249 50.77929 6.0542 6.07952
combinatorial_optimization 6.0582956 50.7891192 Tuerme 6.071569 50.7875483 50.79249 50.77929 6.0542 6.07952
combinatorial_optimization 6.0582956 50.7891192 Bendplatz 6.072031 50.782791 50.79249 50.77929 6.0542 6.07952
combinatorial_optimization 6.0582956 50.7891192 Centerpoint_Roermonder_Strasse 6.0717555 50.785941 50.79249 50.77929 6.0542 6.07952
ponttor 6.0779415 50.7815973 combinatorial_optimization 6.0582956 50.7891192 50.79249 50.77929 6.0542 6.07952
ponttor 6.0779415 50.7815973 Aachen_west_station 6.0699522 50.780898 50.79249 50.77929 6.0542 6.07952
ponttor 6.0779415 50.7815973 Tuerme 6.071569 50.7875483 50.79249 50.77929 6.0542 6.07952
ponttor 6.0779415 50.7815973 Bendplatz 6.072031 50.782791 50.79249 50.77929 6.0542 6.07952
ponttor 6.0779415 50.7815973 Centerpoint_Roermonder_Strasse 6.0717555 50.785941 50.79249 50.77929 6.0542 6.07952
Aachen_west_station 6.0699522 50.780898 combinatorial_optimization 6.0582956 50.7891192 50.79249 50.77929 6.0542 6.07952
Aachen_west_station 6.0699522 50.780898 ponttor 6.0779415 50.7815973 50.79249 50.77929 6.0542 6.07952
Aachen_west_station 6.0699522 50.780898 Tuerme 6.071569 50.7875483 50.79249 50.77929 6.0542 6.07952
Aachen_west_station 6.0699522 50.780898 Bendplatz 6.072031 50.782791 50.79249 50.77929 6.0542 6.07952
Aachen_west_station 6.0699522 50.780898 Centerpoint_Roermonder_Strasse 6.0717555 50.785941 50.79249 50.77929 6.0542 6.07952
Tuerme 6.071569 50.7875483 combinatorial_optimization 6.0582956 50.7891192 50.79249 50.77929 6.0542 6.07952
Tuerme 6.071569 50.7875483 ponttor 6.0779415 50.7815973 50.79249 50.77929 6.0542 6.07952
Tuerme 6.071569 50.7875483 Aachen_west_station 6.0699522 50.780898 50.79249 50.77929 6.0542 6.07952
Tuerme 6.071569 50.7875483 Bendplatz 6.072031 50.782791 50.79249 50.77929 6.0542 6.07952
Tuerme 6.071569 50.7875483 Centerpoint_Roermonder_Strasse 6.0717555 50.785941 50.79249 50.77929 6.0542 6.07952
Bendplatz 6.072031 50.782791 combinatorial_optimization 6.0582956 50.7891192 50.79249 50.77929 6.0542 6.07952
Bendplatz 6.072031 50.782791 ponttor 6.0779415 50.7815973 50.79249 50.77929 6.0542 6.07952
Bendplatz 6.072031 50.782791 Aachen_west_station 6.0699522 50.780898 50.79249 50.77929 6.0542 6.07952
Bendplatz 6.072031 50.782791 Tuerme 6.071569 50.7875483 50.79249 50.77929 6.0542 6.07952
Bendplatz 6.072031 50.782791 Centerpoint_Roermonder_Strasse 6.0717555 50.785941 50.79249 50.77929 6.0542 6.07952
Centerpoint_Roermonder_Strasse 6.0717555 50.785941 combinatorial_optimization 6.0582956 50.7891192 50.79249 50.77929 6.0542 6.07952
Centerpoint_Roermonder_Strasse 6.0717555 50.785941 ponttor 6.0779415 50.7815973 50.79249 50.77929 6.0542 6.07952
Centerpoint_Roermonder_Strasse 6.0717555 50.785941 Aachen_west_station 6.0699522 50.780898 50.79249 50.77929 6.0542 6.07952
Centerpoint_Roermonder_Strasse 6.0717555 50.785941 Tuerme 6.071569 50.7875483 50.79249 50.77929 6.0542 6.07952
Centerpoint_Roermonder_Strasse 6.0717555 50.785941 Bendplatz 6.072031 50.782791 50.79249 50.77929 6.0542 6.07952
