Marienhospital 6.0949372 50.7624494 Rosenquelle_II 6.0962586 50.7663817 50.767 50.75747 6.08531 6.10417
Marienhospital 6.0949372 50.7624494 Sankt_Michael 6.0941708 50.7637158 50.767 50.75747 6.08531 6.10417
Marienhospital 6.0949372 50.7624494 easternmost_point 6.0993758 50.7650727 50.767 50.75747 6.08531 6.10417
Marienhospital 6.0949372 50.7624494 St_Johann_Baptist 6.0931186 50.7628929 50.767 50.75747 6.08531 6.10417
Marienhospital 6.0949372 50.7624494 Bezirksdienst_Burtscheid 6.0873957 50.7585751 50.767 50.75747 6.08531 6.10417
Rosenquelle_II 6.0962586 50.7663817 Marienhospital 6.0949372 50.7624494 50.767 50.75747 6.08531 6.10417
Rosenquelle_II 6.0962586 50.7663817 Sankt_Michael 6.0941708 50.7637158 50.767 50.75747 6.08531 6.10417
Rosenquelle_II 6.0962586 50.7663817 easternmost_point 6.0993758 50.7650727 50.767 50.75747 6.08531 6.10417
Rosenquelle_II 6.0962586 50.7663817 St_Johann_Baptist 6.0931186 50.7628929 50.767 50.75747 6.08531 6.10417
Rosenquelle_II 6.0962586 50.7663817 Bezirksdienst_Burtscheid 6.0873957 50.7585751 50.767 50.75747 6.08531 6.10417
Sankt_Michael 6.0941708 50.7637158 Marienhospital 6.0949372 50.7624494 50.767 50.75747 6.08531 6.10417
Sankt_Michael 6.0941708 50.7637158 Rosenquelle_II 6.0962586 50.7663817 50.767 50.75747 6.08531 6.10417
Sankt_Michael 6.0941708 50.7637158 easternmost_point 6.0993758 50.7650727 50.767 50.75747 6.08531 6.10417
Sankt_Michael 6.0941708 50.7637158 St_Johann_Baptist 6.0931186 50.7628929 50.767 50.75747 6.08531 6.10417
Sankt_Michael 6.0941708 50.7637158 Bezirksdienst_Burtscheid 6.0873957 50.7585751 50.767 50.75747 6.08531 6.10417
easternmost_point 6.0993758 50.7650727 Marienhospital 6.0949372 50.7624494 50.767 50.75747 6.08531 6.10417
easternmost_point 6.0993758 50.7650727 Rosenquelle_II 6.0962586 50.7663817 50.767 50.75747 6.08531 6.10417
easternmost_point 6.0993758 50.7650727 Sankt_Michael 6.0941708 50.7637158 50.767 50.75747 6.08531 6.10417
easternmost_point 6.0993758 50.7650727 St_Johann_Baptist 6.0931186 50.7628929 50.767 50.75747 6.08531 6.10417
easternmost_point 6.0993758 50.7650727 Bezirksdienst_Burtscheid 6.0873957 50.7585751 50.767 50.75747 6.08531 6.10417
St_Johann_Baptist 6.0931186 50.7628929 Marienhospital 6.0949372 50.7624494 50.767 50.75747 6.08531 6.10417
St_Johann_Baptist 6.0931186 50.7628929 Rosenquelle_II 6.0962586 50.7663817 50.767 50.75747 6.08531 6.10417
St_Johann_Baptist 6.0931186 50.7628929 Sankt_Michael 6.0941708 50.7637158 50.767 50.75747 6.08531 6.10417
St_Johann_Baptist 6.0931186 50.7628929 easternmost_point 6.0993758 50.7650727 50.767 50.75747 6.08531 6.10417
St_Johann_Baptist 6.0931186 50.7628929 Bezirksdienst_Burtscheid 6.0873957 50.7585751 50.767 50.75747 6.08531 6.10417
Bezirksdienst_Burtscheid 6.0873957 50.7585751 Marienhospital 6.0949372 50.7624494 50.767 50.75747 6.08531 6.10417
Bezirksdienst_Burtscheid 6.0873957 50.7585751 Rosenquelle_II 6.0962586 50.7663817 50.767 50.75747 6.08531 6.10417
Bezirksdienst_Burtscheid 6.0873957 50.7585751 Sankt_Michael 6.0941708 50.7637158 50.767 50.75747 6.08531 6.10417
Bezirksdienst_Burtscheid 6.0873957 50.7585751 easternmost_point 6.0993758 50.7650727 50.767 50.75747 6.08531 6.10417
Bezirksdienst_Burtscheid 6.0873957 50.7585751 St_Johann_Baptist 6.0931186 50.7628929 50.767 50.75747 6.08531 6.10417
