betzelterstrasse 6.1579619 50.781251 Bezirksamt 6.1534903 50.7811692 50.78278 50.7759 6.14363 6.16415
betzelterstrasse 6.1579619 50.781251 Arminia_Eilendorf 6.162245 50.7758274 50.78278 50.7759 6.14363 6.16415
betzelterstrasse 6.1579619 50.781251 Linde 6.1571542 50.7773215 50.78278 50.7759 6.14363 6.16415
betzelterstrasse 6.1579619 50.781251 Friedhof 6.1618267 50.7822054 50.78278 50.7759 6.14363 6.16415
betzelterstrasse 6.1579619 50.781251 Versoehnungskirche 6.1594327 50.7793009 50.78278 50.7759 6.14363 6.16415
Bezirksamt 6.1534903 50.7811692 betzelterstrasse 6.1579619 50.781251 50.78278 50.7759 6.14363 6.16415
Bezirksamt 6.1534903 50.7811692 Arminia_Eilendorf 6.162245 50.7758274 50.78278 50.7759 6.14363 6.16415
Bezirksamt 6.1534903 50.7811692 Linde 6.1571542 50.7773215 50.78278 50.7759 6.14363 6.16415
Bezirksamt 6.1534903 50.7811692 Friedhof 6.1618267 50.7822054 50.78278 50.7759 6.14363 6.16415
Bezirksamt 6.1534903 50.7811692 Versoehnungskirche 6.1594327 50.7793009 50.78278 50.7759 6.14363 6.16415
Arminia_Eilendorf 6.162245 50.7758274 betzelterstrasse 6.1579619 50.781251 50.78278 50.7759 6.14363 6.16415
Arminia_Eilendorf 6.162245 50.7758274 Bezirksamt 6.1534903 50.7811692 50.78278 50.7759 6.14363 6.16415
Arminia_Eilendorf 6.162245 50.7758274 Linde 6.1571542 50.7773215 50.78278 50.7759 6.14363 6.16415
Arminia_Eilendorf 6.162245 50.7758274 Friedhof 6.1618267 50.7822054 50.78278 50.7759 6.14363 6.16415
Arminia_Eilendorf 6.162245 50.7758274 Versoehnungskirche 6.1594327 50.7793009 50.78278 50.7759 6.14363 6.16415
Linde 6.1571542 50.7773215 betzelterstrasse 6.1579619 50.781251 50.78278 50.7759 6.14363 6.16415
Linde 6.1571542 50.7773215 Bezirksamt 6.1534903 50.7811692 50.78278 50.7759 6.14363 6.16415
Linde 6.1571542 50.7773215 Arminia_Eilendorf 6.162245 50.7758274 50.78278 50.7759 6.14363 6.16415
Linde 6.1571542 50.7773215 Friedhof 6.1618267 50.7822054 50.78278 50.7759 6.14363 6.16415
Linde 6.1571542 50.7773215 Versoehnungskirche 6.1594327 50.7793009 50.78278 50.7759 6.14363 6.16415
Friedhof 6.1618267 50.7822054 betzelterstrasse 6.1579619 50.781251 50.78278 50.7759 6.14363 6.16415
Friedhof 6.1618267 50.7822054 Bezirksamt 6.1534903 50.7811692 50.78278 50.7759 6.14363 6.16415
Friedhof 6.1618267 50.7822054 Arminia_Eilendorf 6.162245 50.7758274 50.78278 50.7759 6.14363 6.16415
Friedhof 6.1618267 50.7822054 Linde 6.1571542 50.7773215 50.78278 50.7759 6.14363 6.16415
Friedhof 6.1618267 50.7822054 Versoehnungskirche 6.1594327 50.7793009 50.78278 50.7759 6.14363 6.16415
Versoehnungskirche 6.1594327 50.7793009 betzelterstrasse 6.1579619 50.781251 50.78278 50.7759 6.14363 6.16415
Versoehnungskirche 6.1594327 50.7793009 Bezirksamt 6.1534903 50.7811692 50.78278 50.7759 6.14363 6.16415
Versoehnungskirche 6.1594327 50.7793009 Arminia_Eilendorf 6.162245 50.7758274 50.78278 50.7759 6.14363 6.16415
Versoehnungskirche 6.1594327 50.7793009 Linde 6.1571542 50.7773215 50.78278 50.7759 6.14363 6.16415
Versoehnungskirche 6.1594327 50.7793009 Friedhof 6.1618267 50.7822054 50.78278 50.7759 6.14363 6.16415
