station_rothe_erde 6.1161849 50.770064 herz_jesu 6.1086988 50.7672583 50.77102 50.76657 6.09503 6.11662
station_rothe_erde 6.1161849 50.770064 westernmost_point 6.0952443 50.7694287 50.77102 50.76657 6.09503 6.11662
station_rothe_erde 6.1161849 50.770064 Burg_Frankenberg 6.1041507 50.7678737 50.77102 50.76657 6.09503 6.11662
station_rothe_erde 6.1161849 50.770064 Oppenhoffalle_centrum 6.1074144 50.7704279 50.77102 50.76657 6.09503 6.11662
station_rothe_erde 6.1161849 50.770064 Maria-Montessori-Gesamtschule 6.1021815 50.7669059 50.77102 50.76657 6.09503 6.11662
herz_jesu 6.1086988 50.7672583 station_rothe_erde 6.1161849 50.770064 50.77102 50.76657 6.09503 6.11662
herz_jesu 6.1086988 50.7672583 westernmost_point 6.0952443 50.7694287 50.77102 50.76657 6.09503 6.11662
herz_jesu 6.1086988 50.7672583 Burg_Frankenberg 6.1041507 50.7678737 50.77102 50.76657 6.09503 6.11662
herz_jesu 6.1086988 50.7672583 Oppenhoffalle_centrum 6.1074144 50.7704279 50.77102 50.76657 6.09503 6.11662
herz_jesu 6.1086988 50.7672583 Maria-Montessori-Gesamtschule 6.1021815 50.7669059 50.77102 50.76657 6.09503 6.11662
westernmost_point 6.0952443 50.7694287 station_rothe_erde 6.1161849 50.770064 50.77102 50.76657 6.09503 6.11662
westernmost_point 6.0952443 50.7694287 herz_jesu 6.1086988 50.7672583 50.77102 50.76657 6.09503 6.11662
westernmost_point 6.0952443 50.7694287 Burg_Frankenberg 6.1041507 50.7678737 50.77102 50.76657 6.09503 6.11662
westernmost_point 6.0952443 50.7694287 Oppenhoffalle_centrum 6.1074144 50.7704279 50.77102 50.76657 6.09503 6.11662
westernmost_point 6.0952443 50.7694287 Maria-Montessori-Gesamtschule 6.1021815 50.7669059 50.77102 50.76657 6.09503 6.11662
Burg_Frankenberg 6.1041507 50.7678737 station_rothe_erde 6.1161849 50.770064 50.77102 50.76657 6.09503 6.11662
Burg_Frankenberg 6.1041507 50.7678737 herz_jesu 6.1086988 50.7672583 50.77102 50.76657 6.09503 6.11662
Burg_Frankenberg 6.1041507 50.7678737 westernmost_point 6.0952443 50.7694287 50.77102 50.76657 6.09503 6.11662
Burg_Frankenberg 6.1041507 50.7678737 Oppenhoffalle_centrum 6.1074144 50.7704279 50.77102 50.76657 6.09503 6.11662
Burg_Frankenberg 6.1041507 50.7678737 Maria-Montessori-Gesamtschule 6.1021815 50.7669059 50.77102 50.76657 6.09503 6.11662
Oppenhoffalle_centrum 6.1074144 50.7704279 station_rothe_erde 6.1161849 50.770064 50.77102 50.76657 6.09503 6.11662
Oppenhoffalle_centrum 6.1074144 50.7704279 herz_jesu 6.1086988 50.7672583 50.77102 50.76657 6.09503 6.11662
Oppenhoffalle_centrum 6.1074144 50.7704279 westernmost_point 6.0952443 50.7694287 50.77102 50.76657 6.09503 6.11662
Oppenhoffalle_centrum 6.1074144 50.7704279 Burg_Frankenberg 6.1041507 50.7678737 50.77102 50.76657 6.09503 6.11662
Oppenhoffalle_centrum 6.1074144 50.7704279 Maria-Montessori-Gesamtschule 6.1021815 50.7669059 50.77102 50.76657 6.09503 6.11662
Maria-Montessori-Gesamtschule 6.1021815 50.7669059 station_rothe_erde 6.1161849 50.770064 50.77102 50.76657 6.09503 6.11662
Maria-Montessori-Gesamtschule 6.1021815 50.7669059 herz_jesu 6.1086988 50.7672583 50.77102 50.76657 6.09503 6.11662
Maria-Montessori-Gesamtschule 6.1021815 50.7669059 westernmost_point 6.0952443 50.7694287 50.77102 50.76657 6.09503 6.11662
Maria-Montessori-Gesamtschule 6.1021815 50.7669059 Burg_Frankenberg 6.1041507 50.7678737 50.77102 50.76657 6.09503 6.11662
Maria-Montessori-Gesamtschule 6.1021815 50.7669059 Oppenhoffalle_centrum 6.1074144 50.7704279 50.77102 50.76657 6.09503 6.11662
