Schloss_Rahe 6.0693022 50.7978673 Friedhof_Hand 6.0532262 50.8060359 50.80631 50.7946 6.04621 6.07338
Schloss_Rahe 6.0693022 50.7978673 Westernmost_point 6.0493227 50.8006372 50.80631 50.7946 6.04621 6.07338
Schloss_Rahe 6.0693022 50.7978673 easternmost_point 6.073742 50.8003586 50.80631 50.7946 6.04621 6.07338
Schloss_Rahe 6.0693022 50.7978673 northernmost_point 6.0600781 50.8070786 50.80631 50.7946 6.04621 6.07338
Schloss_Rahe 6.0693022 50.7978673 Berzirksamt_Laurensberg 6.0604153 50.798004 50.80631 50.7946 6.04621 6.07338
Friedhof_Hand 6.0532262 50.8060359 Schloss_Rahe 6.0693022 50.7978673 50.80631 50.7946 6.04621 6.07338
Friedhof_Hand 6.0532262 50.8060359 Westernmost_point 6.0493227 50.8006372 50.80631 50.7946 6.04621 6.07338
Friedhof_Hand 6.0532262 50.8060359 easternmost_point 6.073742 50.8003586 50.80631 50.7946 6.04621 6.07338
Friedhof_Hand 6.0532262 50.8060359 northernmost_point 6.0600781 50.8070786 50.80631 50.7946 6.04621 6.07338
Friedhof_Hand 6.0532262 50.8060359 Berzirksamt_Laurensberg 6.0604153 50.798004 50.80631 50.7946 6.04621 6.07338
Westernmost_point 6.0493227 50.8006372 Schloss_Rahe 6.0693022 50.7978673 50.80631 50.7946 6.04621 6.07338
Westernmost_point 6.0493227 50.8006372 Friedhof_Hand 6.0532262 50.8060359 50.80631 50.7946 6.04621 6.07338
Westernmost_point 6.0493227 50.8006372 easternmost_point 6.073742 50.8003586 50.80631 50.7946 6.04621 6.07338
Westernmost_point 6.0493227 50.8006372 northernmost_point 6.0600781 50.8070786 50.80631 50.7946 6.04621 6.07338
Westernmost_point 6.0493227 50.8006372 Berzirksamt_Laurensberg 6.0604153 50.798004 50.80631 50.7946 6.04621 6.07338
easternmost_point 6.073742 50.8003586 Schloss_Rahe 6.0693022 50.7978673 50.80631 50.7946 6.04621 6.07338
easternmost_point 6.073742 50.8003586 Friedhof_Hand 6.0532262 50.8060359 50.80631 50.7946 6.04621 6.07338
easternmost_point 6.073742 50.8003586 Westernmost_point 6.0493227 50.8006372 50.80631 50.7946 6.04621 6.07338
easternmost_point 6.073742 50.8003586 northernmost_point 6.0600781 50.8070786 50.80631 50.7946 6.04621 6.07338
easternmost_point 6.073742 50.8003586 Berzirksamt_Laurensberg 6.0604153 50.798004 50.80631 50.7946 6.04621 6.07338
northernmost_point 6.0600781 50.8070786 Schloss_Rahe 6.0693022 50.7978673 50.80631 50.7946 6.04621 6.07338
northernmost_point 6.0600781 50.8070786 Friedhof_Hand 6.0532262 50.8060359 50.80631 50.7946 6.04621 6.07338
northernmost_point 6.0600781 50.8070786 Westernmost_point 6.0493227 50.8006372 50.80631 50.7946 6.04621 6.07338
northernmost_point 6.0600781 50.8070786 easternmost_point 6.073742 50.8003586 50.80631 50.7946 6.04621 6.07338
northernmost_point 6.0600781 50.8070786 Berzirksamt_Laurensberg 6.0604153 50.798004 50.80631 50.7946 6.04621 6.07338
Berzirksamt_Laurensberg 6.0604153 50.798004 Schloss_Rahe 6.0693022 50.7978673 50.80631 50.7946 6.04621 6.07338
Berzirksamt_Laurensberg 6.0604153 50.798004 Friedhof_Hand 6.0532262 50.8060359 50.80631 50.7946 6.04621 6.07338
Berzirksamt_Laurensberg 6.0604153 50.798004 Westernmost_point 6.0493227 50.8006372 50.80631 50.7946 6.04621 6.07338
Berzirksamt_Laurensberg 6.0604153 50.798004 easternmost_point 6.073742 50.8003586 50.80631 50.7946 6.04621 6.07338
Berzirksamt_Laurensberg 6.0604153 50.798004 northernmost_point 6.0600781 50.8070786 50.80631 50.7946 6.04621 6.07338
